16|16
0|0|1|10|1
0|1|1|10|1
0|2|1|10|1
0|3|1|10|1
0|4|1|10|1
0|5|1|10|1
0|6|1|10|1
0|7|1|10|1
0|8|1|10|1
0|9|1|10|1
0|10|1|10|1
0|11|1|10|0
0|12|1|10|0
0|13|1|10|0
0|14|1|10|0
0|15|1|10|1
0|16|1|10|1
0|17|1|10|1
0|18|1|10|1
0|19|1|10|1
0|20|1|10|1
0|21|1|10|1
0|22|1|10|1
0|23|1|10|1
0|24|1|10|1
0|25|1|10|1
0|26|1|10|0
0|27|1|10|0
0|28|1|10|0
0|29|1|10|0
0|30|1|10|1
0|31|1|10|1
0|32|1|10|1
0|33|1|10|1
0|34|1|10|1
0|35|1|10|1
0|36|1|10|1
0|37|1|10|1
0|38|1|10|1
0|39|1|10|1
0|40|1|10|1
0|41|1|10|0
0|42|1|10|0
0|43|1|10|0
0|44|1|10|0
0|45|1|10|1
0|46|1|10|1
0|47|1|10|1
0|48|1|10|0
0|49|1|10|0
0|50|1|10|0
0|51|1|10|0
0|52|1|10|0
0|53|1|10|0
0|54|1|10|0
0|55|1|10|0
0|56|1|10|0
0|57|1|10|0
0|58|1|10|0
0|59|1|10|0
0|60|1|10|1
0|61|1|10|1
0|62|1|10|1
0|63|1|10|0
0|64|1|10|0
0|65|1|10|0
0|66|1|10|0
0|67|1|10|0
0|68|1|10|0
0|69|1|10|0
0|70|1|10|0
0|71|1|10|0
0|72|1|10|0
0|73|1|10|0
0|74|1|10|0
0|75|1|10|1
0|76|1|10|1
0|77|1|10|1
0|78|1|10|0
0|79|1|10|0
0|80|1|10|0
0|81|1|10|0
0|82|1|10|0
0|83|1|10|0
0|84|1|10|0
0|85|1|10|0
0|86|1|10|0
0|87|1|10|0
0|88|1|10|0
0|89|1|10|0
0|90|1|10|1
0|91|1|10|1
0|92|1|10|1
0|93|1|10|0
0|94|1|10|0
0|95|1|10|0
0|96|1|10|0
0|97|1|10|0
0|98|1|10|0
0|99|1|10|0
0|100|1|10|0
0|101|1|10|0
0|102|1|10|0
0|103|1|10|0
0|104|1|10|0
0|105|1|10|1
0|106|1|10|1
0|107|1|10|1
0|108|1|10|0
0|109|1|10|0
0|110|1|10|0
0|111|1|10|0
0|112|1|10|0
0|113|1|10|0
0|114|1|10|0
0|115|1|10|0
0|116|1|10|0
0|117|1|10|0
0|118|1|10|0
0|119|1|10|0
0|120|1|10|1
0|121|1|10|1
0|122|1|10|1
0|123|1|10|0
0|124|1|10|0
0|125|1|10|0
0|126|1|10|0
0|127|1|10|0
0|128|1|10|0
0|129|1|10|0
0|130|1|10|0
0|131|1|10|0
0|132|1|10|0
0|133|1|10|0
0|134|1|10|0
0|135|1|10|1
0|136|1|10|1
0|137|1|10|1
0|138|1|10|0
0|139|1|10|0
0|140|1|10|0
0|141|1|10|0
0|142|1|10|0
0|143|1|10|0
0|144|1|10|0
0|145|1|10|0
0|146|1|10|0
0|147|1|10|0
0|148|1|10|0
0|149|1|10|0
0|150|1|10|1
0|151|1|10|1
0|152|1|10|1
0|153|1|10|0
0|154|1|10|0
0|155|1|10|0
0|156|1|10|0
0|157|1|10|0
0|158|1|10|0
0|159|1|10|0
0|160|1|10|0
0|161|1|10|0
0|162|1|10|0
0|163|1|10|0
0|164|1|10|0
0|165|1|10|0
0|166|1|10|0
0|167|1|10|0
0|168|1|10|0
0|169|1|10|0
0|170|1|10|0
0|171|1|10|0
0|172|1|10|0
0|173|1|10|0
0|174|1|10|0
0|175|1|10|0
0|176|1|10|0
0|177|1|10|0
0|178|1|10|0
0|179|1|10|0
0|180|1|10|0
0|181|1|10|0
0|182|1|10|0
0|183|1|10|0
0|184|1|10|0
0|185|1|10|0
0|186|1|10|0
0|187|1|10|0
0|188|1|10|0
0|189|1|10|0
0|190|1|10|0
0|191|1|10|0
0|192|1|10|0
0|193|1|10|0
0|194|1|10|0
0|195|1|10|0
0|196|1|10|0
0|197|1|10|0
0|198|1|10|0
0|199|1|10|0
0|200|1|10|0
0|201|1|10|0
0|202|1|10|0
0|203|1|10|0
0|204|1|10|0
0|205|1|10|0
0|206|1|10|0
0|207|1|10|0
0|208|1|10|0
0|209|1|10|0
0|210|1|10|0
0|211|1|10|0
0|212|1|10|0
0|213|1|10|0
0|214|1|10|0
0|215|1|10|0
0|216|1|10|0
0|217|1|10|0
0|218|1|10|0
0|219|1|10|0
0|220|1|10|0
0|221|1|10|0
0|222|1|10|0
0|223|1|10|0
0|224|1|10|0
1|0|0|17|1
1|1|0|17|1
1|2|0|17|1
1|3|0|17|1
1|4|0|17|1
1|5|0|17|1
1|6|0|17|1
1|7|0|17|1
1|8|0|17|1
1|9|0|17|1
1|10|0|17|1
1|11|1|17|1
1|12|1|17|1
1|13|1|17|0
1|14|1|17|0
1|15|0|17|1
1|16|0|17|1
1|17|0|17|1
1|18|0|17|1
1|19|0|17|1
1|20|0|17|1
1|21|0|17|1
1|22|0|17|1
1|23|0|17|1
1|24|0|17|1
1|25|0|17|1
1|26|1|17|1
1|27|1|17|1
1|28|1|17|0
1|29|1|17|0
1|30|0|17|1
1|31|0|17|1
1|32|0|17|1
1|33|0|17|1
1|34|0|17|1
1|35|0|17|1
1|36|0|17|1
1|37|0|17|1
1|38|0|17|1
1|39|0|17|1
1|40|0|17|1
1|41|1|17|1
1|42|1|17|1
1|43|1|17|0
1|44|1|17|0
1|45|0|17|1
1|46|0|17|1
1|47|0|17|1
1|48|1|17|0
1|49|1|17|0
1|50|1|17|0
1|51|1|17|0
1|52|1|17|0
1|53|1|17|0
1|54|1|17|0
1|55|1|17|0
1|56|1|17|0
1|57|1|17|0
1|58|1|17|0
1|59|1|17|0
1|60|0|17|1
1|61|0|17|1
1|62|0|17|1
1|63|1|17|0
1|64|1|17|0
1|65|1|17|0
1|66|1|17|0
1|67|1|17|0
1|68|1|17|0
1|69|1|17|0
1|70|1|17|0
1|71|1|17|0
1|72|1|17|0
1|73|1|17|0
1|74|1|17|0
1|75|0|17|1
1|76|0|17|1
1|77|0|17|1
1|78|1|17|0
1|79|1|17|0
1|80|1|17|0
1|81|1|17|0
1|82|1|17|0
1|83|1|17|0
1|84|1|17|0
1|85|1|17|0
1|86|1|17|0
1|87|1|17|0
1|88|1|17|0
1|89|1|17|0
1|90|0|17|1
1|91|0|17|1
1|92|0|17|1
1|93|1|17|0
1|94|1|17|0
1|95|1|17|0
1|96|1|17|0
1|97|1|17|0
1|98|1|17|0
1|99|1|17|0
1|100|1|17|0
1|101|1|17|0
1|102|1|17|0
1|103|1|17|0
1|104|1|17|0
1|105|0|17|1
1|106|0|17|1
1|107|0|17|1
1|108|1|17|0
1|109|1|17|0
1|110|1|17|0
1|111|1|17|0
1|112|1|17|0
1|113|1|17|0
1|114|1|17|0
1|115|1|17|0
1|116|1|17|0
1|117|1|17|0
1|118|1|17|0
1|119|1|17|0
1|120|0|17|1
1|121|0|17|1
1|122|0|17|1
1|123|1|17|0
1|124|1|17|0
1|125|1|17|0
1|126|1|17|0
1|127|1|17|0
1|128|1|17|0
1|129|1|17|0
1|130|1|17|0
1|131|1|17|0
1|132|1|17|0
1|133|1|17|0
1|134|1|17|0
1|135|0|17|1
1|136|0|17|1
1|137|0|17|1
1|138|1|17|0
1|139|1|17|0
1|140|1|17|0
1|141|1|17|0
1|142|1|17|0
1|143|1|17|0
1|144|1|17|0
1|145|1|17|0
1|146|1|17|0
1|147|1|17|0
1|148|1|17|0
1|149|1|17|0
1|150|0|17|1
1|151|0|17|1
1|152|0|17|1
1|153|1|17|0
1|154|1|17|0
1|155|1|17|0
1|156|1|17|0
1|157|1|17|0
1|158|1|17|0
1|159|1|17|0
1|160|1|17|0
1|161|1|17|0
1|162|1|17|0
1|163|1|17|0
1|164|1|17|0
1|165|1|17|1
1|166|1|17|1
1|167|1|17|1
1|168|1|17|0
1|169|1|17|0
1|170|1|17|0
1|171|1|17|0
1|172|1|17|0
1|173|1|17|1
1|174|1|17|0
1|175|1|17|0
1|176|1|17|0
1|177|1|17|0
1|178|1|17|0
1|179|1|17|0
1|180|1|17|1
1|181|1|17|1
1|182|1|17|1
1|183|1|17|0
1|184|1|17|0
1|185|1|17|0
1|186|1|17|0
1|187|1|17|0
1|188|1|17|0
1|189|1|17|0
1|190|1|17|0
1|191|1|17|0
1|192|1|17|0
1|193|1|17|0
1|194|1|17|0
1|195|1|17|0
1|196|1|17|0
1|197|1|17|0
1|198|1|17|0
1|199|1|17|0
1|200|1|17|0
1|201|1|17|0
1|202|1|17|0
1|203|1|17|0
1|204|1|17|0
1|205|1|17|0
1|206|1|17|0
1|207|1|17|0
1|208|1|17|0
1|209|1|17|0
1|210|1|17|0
1|211|1|17|0
1|212|1|17|0
1|213|1|17|0
1|214|1|17|0
1|215|1|17|0
1|216|1|17|0
1|217|1|17|0
1|218|1|17|0
1|219|1|17|0
1|220|1|17|0
1|221|1|17|0
1|222|1|17|0
1|223|1|17|0
1|224|1|17|0
2|0|0|6|0
2|1|0|6|0
2|2|0|6|0
2|3|0|6|0
2|4|0|6|0
2|5|0|6|0
2|6|0|6|0
2|7|0|6|0
2|8|0|6|0
2|9|0|6|0
2|10|0|6|0
2|11|0|6|0
2|12|0|6|0
2|13|0|6|0
2|14|0|6|0
2|15|0|6|0
2|16|0|6|0
2|17|0|6|0
2|18|0|6|0
2|19|0|6|0
2|20|0|6|0
2|21|0|6|0
2|22|0|6|0
2|23|0|6|0
2|24|0|6|0
2|25|0|6|0
2|26|0|6|0
2|27|0|6|0
2|28|0|6|0
2|29|0|6|0
2|30|0|6|0
2|31|0|6|0
2|32|0|6|0
2|33|0|6|0
2|34|0|6|0
2|35|0|6|0
2|36|0|6|0
2|37|0|6|0
2|38|0|6|0
2|39|0|6|0
2|40|0|6|0
2|41|0|6|0
2|42|0|6|0
2|43|0|6|0
2|44|0|6|0
2|45|0|6|0
2|46|0|6|0
2|47|0|6|0
2|48|0|6|0
2|49|0|6|0
2|50|0|6|0
2|51|0|6|0
2|52|0|6|0
2|53|0|6|0
2|54|0|6|0
2|55|0|6|0
2|56|0|6|0
2|57|0|6|0
2|58|0|6|0
2|59|0|6|0
2|60|0|6|0
2|61|0|6|0
2|62|0|6|0
2|63|0|6|0
2|64|0|6|0
2|65|0|6|0
2|66|0|6|0
2|67|0|6|0
2|68|0|6|0
2|69|0|6|0
2|70|0|6|0
2|71|0|6|0
2|72|1|6|0
2|73|1|6|0
2|74|1|6|0
2|75|0|6|0
2|76|0|6|0
2|77|0|6|0
2|78|0|6|0
2|79|0|6|0
2|80|0|6|0
2|81|0|6|0
2|82|0|6|0
2|83|0|6|0
2|84|0|6|0
2|85|0|6|0
2|86|0|6|0
2|87|1|6|0
2|88|1|6|0
2|89|1|6|0
2|90|0|6|0
2|91|0|6|0
2|92|0|6|0
2|93|0|6|0
2|94|0|6|0
2|95|0|6|0
2|96|0|6|0
2|97|0|6|0
2|98|0|6|0
2|99|0|6|0
2|100|0|6|0
2|101|0|6|0
2|102|1|6|0
2|103|1|6|0
2|104|1|6|0
2|105|0|6|0
2|106|0|6|0
2|107|0|6|0
2|108|0|6|0
2|109|0|6|0
2|110|0|6|0
2|111|0|6|0
2|112|0|6|0
2|113|0|6|0
2|114|0|6|0
2|115|0|6|0
2|116|0|6|0
2|117|1|6|0
2|118|1|6|0
2|119|1|6|0
2|120|0|6|0
2|121|0|6|0
2|122|0|6|0
2|123|0|6|0
2|124|0|6|0
2|125|0|6|0
2|126|0|6|0
2|127|0|6|0
2|128|0|6|0
2|129|0|6|0
2|130|0|6|0
2|131|0|6|0
2|132|1|6|0
2|133|1|6|0
2|134|1|6|0
2|135|0|6|0
2|136|0|6|0
2|137|0|6|0
2|138|0|6|0
2|139|0|6|0
2|140|0|6|0
2|141|0|6|0
2|142|0|6|0
2|143|0|6|0
2|144|0|6|0
2|145|0|6|0
2|146|0|6|0
2|147|1|6|0
2|148|1|6|0
2|149|1|6|0
2|150|0|6|0
2|151|0|6|0
2|152|0|6|0
2|153|0|6|0
2|154|0|6|0
2|155|0|6|0
2|156|0|6|0
2|157|0|6|0
2|158|0|6|0
2|159|0|6|0
2|160|0|6|0
2|161|0|6|0
2|162|1|6|0
2|163|1|6|0
2|164|1|6|0
2|165|0|6|0
2|166|0|6|0
2|167|0|6|0
2|168|0|6|0
2|169|0|6|0
2|170|0|6|0
2|171|0|6|0
2|172|0|6|0
2|173|0|6|1
2|174|0|6|0
2|175|0|6|0
2|176|0|6|0
2|177|1|6|0
2|178|1|6|0
2|179|1|6|0
2|180|0|6|0
2|181|0|6|0
2|182|0|6|0
2|183|0|6|0
2|184|1|6|0
2|185|1|6|0
2|186|1|6|0
2|187|1|6|0
2|188|1|6|0
2|189|1|6|0
2|190|1|6|0
2|191|1|6|0
2|192|1|6|0
2|193|1|6|0
2|194|1|6|0
2|195|0|6|0
2|196|0|6|0
2|197|0|6|0
2|198|0|6|0
2|199|1|6|0
2|200|1|6|0
2|201|1|6|0
2|202|1|6|0
2|203|1|6|0
2|204|1|6|0
2|205|1|6|0
2|206|1|6|0
2|207|1|6|0
2|208|1|6|0
2|209|1|6|0
2|210|0|6|0
2|211|0|6|0
2|212|0|6|0
2|213|0|6|0
2|214|1|6|0
2|215|1|6|0
2|216|1|6|0
2|217|1|6|0
2|218|1|6|0
2|219|1|6|0
2|220|1|6|0
2|221|1|6|0
2|222|1|6|0
2|223|1|6|0
2|224|1|6|0
3|0|0|6|0
3|1|0|6|0
3|2|0|6|0
3|3|0|6|0
3|4|0|6|0
3|5|0|6|0
3|6|0|6|0
3|7|0|6|0
3|8|0|6|0
3|9|0|6|0
3|10|0|6|0
3|11|0|6|0
3|12|0|6|0
3|13|0|6|0
3|14|0|6|0
3|15|0|6|0
3|16|0|6|0
3|17|0|6|0
3|18|0|6|0
3|19|0|6|0
3|20|0|6|0
3|21|0|6|0
3|22|0|6|0
3|23|0|6|0
3|24|0|6|0
3|25|0|6|0
3|26|0|6|0
3|27|0|6|0
3|28|0|6|0
3|29|0|6|0
3|30|0|6|0
3|31|0|6|0
3|32|0|6|0
3|33|0|6|0
3|34|0|6|0
3|35|0|6|0
3|36|0|6|0
3|37|0|6|0
3|38|0|6|0
3|39|0|6|0
3|40|0|6|0
3|41|0|6|0
3|42|0|6|0
3|43|0|6|0
3|44|0|6|0
3|45|0|6|0
3|46|0|6|0
3|47|0|6|0
3|48|0|6|0
3|49|0|6|0
3|50|0|6|0
3|51|0|6|0
3|52|0|6|0
3|53|0|6|0
3|54|0|6|0
3|55|0|6|0
3|56|0|6|0
3|57|0|6|0
3|58|0|6|0
3|59|0|6|0
3|60|0|6|0
3|61|0|6|0
3|62|0|6|0
3|63|0|6|0
3|64|0|6|0
3|65|0|6|0
3|66|0|6|0
3|67|0|6|0
3|68|0|6|0
3|69|0|6|0
3|70|0|6|0
3|71|0|6|0
3|72|1|6|0
3|73|1|6|0
3|74|1|6|0
3|75|0|6|0
3|76|0|6|0
3|77|0|6|0
3|78|0|6|0
3|79|0|6|0
3|80|0|6|0
3|81|0|6|0
3|82|0|6|0
3|83|0|6|0
3|84|0|6|0
3|85|0|6|0
3|86|0|6|0
3|87|1|6|0
3|88|1|6|0
3|89|1|6|0
3|90|0|6|0
3|91|0|6|0
3|92|0|6|0
3|93|0|6|0
3|94|0|6|0
3|95|0|6|0
3|96|0|6|0
3|97|0|6|0
3|98|0|6|0
3|99|0|6|0
3|100|0|6|0
3|101|0|6|0
3|102|1|6|0
3|103|1|6|0
3|104|1|6|0
3|105|0|6|0
3|106|0|6|0
3|107|0|6|0
3|108|0|6|0
3|109|0|6|0
3|110|0|6|0
3|111|0|6|0
3|112|0|6|0
3|113|0|6|0
3|114|0|6|0
3|115|0|6|0
3|116|0|6|0
3|117|1|6|0
3|118|1|6|0
3|119|1|6|0
3|120|0|6|0
3|121|0|6|0
3|122|0|6|0
3|123|0|6|0
3|124|0|6|0
3|125|0|6|0
3|126|0|6|0
3|127|0|6|0
3|128|0|6|0
3|129|0|6|0
3|130|0|6|0
3|131|0|6|0
3|132|1|6|0
3|133|1|6|0
3|134|1|6|0
3|135|0|6|0
3|136|0|6|0
3|137|0|6|0
3|138|0|6|0
3|139|0|6|0
3|140|0|6|0
3|141|0|6|0
3|142|0|6|0
3|143|0|6|0
3|144|0|6|0
3|145|0|6|0
3|146|0|6|0
3|147|1|6|0
3|148|1|6|0
3|149|1|6|0
3|150|0|6|0
3|151|0|6|0
3|152|0|6|0
3|153|0|6|0
3|154|0|6|0
3|155|0|6|0
3|156|0|6|0
3|157|0|6|0
3|158|0|6|0
3|159|0|6|0
3|160|0|6|0
3|161|0|6|0
3|162|1|6|0
3|163|1|6|0
3|164|1|6|0
3|165|0|6|0
3|166|0|6|0
3|167|0|6|0
3|168|0|6|0
3|169|0|6|0
3|170|0|6|0
3|171|0|6|0
3|172|0|6|0
3|173|0|6|0
3|174|0|6|0
3|175|0|6|0
3|176|0|6|0
3|177|1|6|0
3|178|1|6|0
3|179|1|6|0
3|180|0|6|0
3|181|0|6|0
3|182|0|6|0
3|183|0|6|0
3|184|1|6|0
3|185|1|6|0
3|186|1|6|0
3|187|1|6|0
3|188|1|6|0
3|189|1|6|0
3|190|1|6|0
3|191|1|6|0
3|192|1|6|0
3|193|1|6|0
3|194|1|6|0
3|195|0|6|0
3|196|0|6|0
3|197|0|6|0
3|198|0|6|0
3|199|1|6|0
3|200|1|6|0
3|201|1|6|0
3|202|1|6|0
3|203|1|6|0
3|204|1|6|0
3|205|1|6|0
3|206|1|6|0
3|207|1|6|0
3|208|1|6|0
3|209|1|6|0
3|210|0|6|0
3|211|0|6|0
3|212|0|6|0
3|213|0|6|0
3|214|1|6|0
3|215|1|6|0
3|216|1|6|0
3|217|1|6|0
3|218|1|6|0
3|219|1|6|0
3|220|1|6|0
3|221|1|6|0
3|222|1|6|0
3|223|1|6|0
3|224|1|6|0
4|0|0|6|0
4|1|0|6|0
4|2|0|6|0
4|3|0|6|0
4|4|0|6|0
4|5|0|6|0
4|6|0|6|0
4|7|0|6|0
4|8|0|6|0
4|9|0|6|0
4|10|0|6|0
4|11|0|6|0
4|12|0|6|0
4|13|0|6|0
4|14|0|6|0
4|15|0|6|0
4|16|0|6|0
4|17|0|6|0
4|18|0|6|0
4|19|0|6|0
4|20|0|6|0
4|21|0|6|0
4|22|0|6|0
4|23|0|6|0
4|24|0|6|0
4|25|0|6|0
4|26|0|6|0
4|27|0|6|0
4|28|0|6|0
4|29|0|6|0
4|30|0|6|0
4|31|0|6|0
4|32|0|6|0
4|33|0|6|0
4|34|0|6|0
4|35|0|6|0
4|36|0|6|0
4|37|0|6|0
4|38|0|6|0
4|39|0|6|0
4|40|0|6|0
4|41|0|6|0
4|42|0|6|0
4|43|0|6|0
4|44|0|6|0
4|45|0|6|0
4|46|0|6|0
4|47|0|6|0
4|48|0|6|0
4|49|0|6|0
4|50|0|6|0
4|51|0|6|0
4|52|0|6|0
4|53|0|6|0
4|54|0|6|0
4|55|0|6|0
4|56|0|6|0
4|57|0|6|0
4|58|0|6|0
4|59|0|6|0
4|60|0|6|0
4|61|0|6|0
4|62|0|6|0
4|63|0|6|0
4|64|0|6|0
4|65|0|6|0
4|66|0|6|0
4|67|0|6|0
4|68|0|6|0
4|69|0|6|0
4|70|0|6|0
4|71|0|6|0
4|72|1|6|0
4|73|1|6|0
4|74|1|6|0
4|75|0|6|0
4|76|0|6|0
4|77|0|6|0
4|78|0|6|0
4|79|0|6|0
4|80|0|6|0
4|81|0|6|0
4|82|0|6|0
4|83|0|6|0
4|84|0|6|0
4|85|0|6|0
4|86|0|6|0
4|87|1|6|0
4|88|1|6|0
4|89|1|6|0
4|90|0|6|0
4|91|0|6|0
4|92|0|6|0
4|93|0|6|0
4|94|0|6|0
4|95|0|6|0
4|96|0|6|0
4|97|0|6|0
4|98|0|6|0
4|99|0|6|0
4|100|0|6|0
4|101|0|6|0
4|102|1|6|0
4|103|1|6|0
4|104|1|6|0
4|105|0|6|0
4|106|0|6|0
4|107|0|6|0
4|108|0|6|0
4|109|0|6|0
4|110|0|6|0
4|111|0|6|0
4|112|0|6|0
4|113|0|6|0
4|114|0|6|0
4|115|0|6|0
4|116|0|6|0
4|117|1|6|0
4|118|1|6|0
4|119|1|6|0
4|120|0|6|0
4|121|0|6|0
4|122|0|6|0
4|123|0|6|0
4|124|0|6|0
4|125|0|6|0
4|126|0|6|0
4|127|0|6|0
4|128|0|6|0
4|129|0|6|0
4|130|0|6|0
4|131|0|6|0
4|132|1|6|0
4|133|1|6|0
4|134|1|6|0
4|135|0|6|0
4|136|0|6|0
4|137|0|6|0
4|138|0|6|0
4|139|0|6|0
4|140|0|6|0
4|141|0|6|0
4|142|0|6|0
4|143|0|6|0
4|144|0|6|0
4|145|0|6|0
4|146|0|6|1
4|147|1|6|0
4|148|1|6|0
4|149|1|6|0
4|150|0|6|0
4|151|0|6|0
4|152|0|6|0
4|153|0|6|0
4|154|0|6|0
4|155|0|6|0
4|156|0|6|0
4|157|0|6|0
4|158|0|6|0
4|159|0|6|0
4|160|0|6|0
4|161|0|6|0
4|162|1|6|0
4|163|1|6|0
4|164|1|6|0
4|165|0|6|0
4|166|0|6|0
4|167|0|6|0
4|168|0|6|0
4|169|0|6|0
4|170|0|6|0
4|171|0|6|0
4|172|0|6|0
4|173|0|6|0
4|174|0|6|0
4|175|0|6|0
4|176|0|6|0
4|177|1|6|0
4|178|1|6|0
4|179|1|6|0
4|180|0|6|0
4|181|0|6|0
4|182|0|6|0
4|183|0|6|0
4|184|1|6|0
4|185|1|6|0
4|186|1|6|0
4|187|1|6|0
4|188|1|6|0
4|189|1|6|0
4|190|1|6|0
4|191|1|6|0
4|192|1|6|0
4|193|1|6|0
4|194|1|6|0
4|195|0|6|0
4|196|0|6|0
4|197|0|6|0
4|198|0|6|0
4|199|1|6|0
4|200|1|6|0
4|201|1|6|0
4|202|1|6|0
4|203|1|6|0
4|204|1|6|0
4|205|1|6|0
4|206|1|6|0
4|207|1|6|0
4|208|1|6|0
4|209|1|6|0
4|210|0|6|0
4|211|0|6|0
4|212|0|6|0
4|213|0|6|0
4|214|1|6|0
4|215|1|6|0
4|216|1|6|0
4|217|1|6|0
4|218|1|6|0
4|219|1|6|0
4|220|1|6|0
4|221|1|6|0
4|222|1|6|0
4|223|1|6|0
4|224|1|6|0
5|0|0|6|0
5|1|0|6|0
5|2|0|6|0
5|3|0|6|0
5|4|0|6|0
5|5|0|6|0
5|6|0|6|0
5|7|0|6|0
5|8|0|6|0
5|9|0|6|0
5|10|0|6|0
5|11|0|6|0
5|12|0|6|0
5|13|0|6|0
5|14|0|6|0
5|15|0|6|0
5|16|0|6|0
5|17|0|6|0
5|18|0|6|0
5|19|0|6|0
5|20|0|6|0
5|21|0|6|0
5|22|0|6|0
5|23|0|6|0
5|24|0|6|0
5|25|0|6|0
5|26|0|6|0
5|27|0|6|0
5|28|0|6|0
5|29|0|6|0
5|30|0|6|0
5|31|0|6|0
5|32|0|6|0
5|33|0|6|0
5|34|0|6|0
5|35|0|6|0
5|36|0|6|0
5|37|0|6|0
5|38|0|6|0
5|39|0|6|0
5|40|0|6|0
5|41|0|6|0
5|42|0|6|0
5|43|0|6|0
5|44|0|6|0
5|45|0|6|0
5|46|0|6|0
5|47|0|6|0
5|48|0|6|0
5|49|0|6|0
5|50|0|6|0
5|51|0|6|0
5|52|0|6|0
5|53|0|6|0
5|54|0|6|0
5|55|0|6|0
5|56|0|6|0
5|57|0|6|0
5|58|0|6|0
5|59|0|6|0
5|60|0|6|0
5|61|0|6|0
5|62|0|6|0
5|63|0|6|0
5|64|0|6|0
5|65|0|6|0
5|66|0|6|0
5|67|0|6|0
5|68|0|6|0
5|69|0|6|0
5|70|0|6|0
5|71|0|6|0
5|72|1|6|1
5|73|1|6|1
5|74|1|6|1
5|75|0|6|0
5|76|0|6|0
5|77|0|6|0
5|78|0|6|0
5|79|0|6|0
5|80|0|6|0
5|81|0|6|0
5|82|0|6|0
5|83|0|6|0
5|84|0|6|0
5|85|0|6|0
5|86|0|6|0
5|87|1|6|1
5|88|1|6|1
5|89|1|6|1
5|90|0|6|0
5|91|0|6|0
5|92|0|6|0
5|93|0|6|0
5|94|0|6|0
5|95|0|6|0
5|96|0|6|0
5|97|0|6|0
5|98|0|6|0
5|99|0|6|0
5|100|0|6|0
5|101|0|6|0
5|102|1|6|1
5|103|1|6|1
5|104|1|6|1
5|105|0|6|0
5|106|0|6|0
5|107|0|6|0
5|108|0|6|0
5|109|0|6|0
5|110|0|6|0
5|111|0|6|0
5|112|0|6|0
5|113|0|6|0
5|114|0|6|0
5|115|0|6|0
5|116|0|6|0
5|117|1|6|1
5|118|1|6|1
5|119|1|6|1
5|120|0|6|0
5|121|0|6|0
5|122|0|6|0
5|123|0|6|0
5|124|0|6|0
5|125|0|6|0
5|126|0|6|0
5|127|0|6|0
5|128|0|6|0
5|129|0|6|0
5|130|0|6|0
5|131|0|6|0
5|132|1|6|1
5|133|1|6|1
5|134|1|6|1
5|135|0|6|0
5|136|0|6|0
5|137|0|6|0
5|138|0|6|0
5|139|0|6|0
5|140|0|6|0
5|141|0|6|0
5|142|0|6|0
5|143|0|6|0
5|144|0|6|0
5|145|0|6|0
5|146|0|6|0
5|147|1|6|1
5|148|1|6|1
5|149|1|6|1
5|150|0|6|0
5|151|0|6|0
5|152|0|6|0
5|153|0|6|0
5|154|0|6|0
5|155|0|6|0
5|156|0|6|0
5|157|0|6|0
5|158|0|6|0
5|159|0|6|0
5|160|0|6|0
5|161|0|6|0
5|162|1|6|1
5|163|1|6|1
5|164|1|6|1
5|165|0|6|0
5|166|0|6|0
5|167|0|6|0
5|168|0|6|0
5|169|0|6|0
5|170|0|6|0
5|171|0|6|0
5|172|0|6|0
5|173|0|6|0
5|174|0|6|0
5|175|0|6|0
5|176|0|6|0
5|177|1|6|1
5|178|1|6|1
5|179|1|6|1
5|180|0|6|0
5|181|0|6|0
5|182|0|6|0
5|183|0|6|0
5|184|1|6|1
5|185|1|6|1
5|186|1|6|1
5|187|1|6|1
5|188|1|6|1
5|189|1|6|1
5|190|1|6|1
5|191|1|6|1
5|192|1|6|1
5|193|1|6|1
5|194|1|6|1
5|195|0|6|0
5|196|0|6|0
5|197|0|6|0
5|198|0|6|0
5|199|1|6|1
5|200|1|6|1
5|201|1|6|1
5|202|1|6|1
5|203|1|6|1
5|204|1|6|1
5|205|1|6|1
5|206|1|6|1
5|207|1|6|1
5|208|1|6|1
5|209|1|6|1
5|210|0|6|0
5|211|0|6|0
5|212|0|6|0
5|213|0|6|0
5|214|1|6|1
5|215|1|6|1
5|216|1|6|1
5|217|1|6|1
5|218|1|6|1
5|219|1|6|1
5|220|1|6|1
5|221|1|6|1
5|222|1|6|1
5|223|1|6|1
5|224|1|6|1
6|0|0|0|0
6|1|0|0|0
6|2|0|0|0
6|3|0|0|0
6|4|0|0|0
6|5|0|0|0
6|6|0|0|0
6|7|0|0|0
6|8|0|0|0
6|9|0|0|0
6|10|0|0|0
6|11|0|0|0
6|12|0|0|0
6|13|0|0|0
6|14|0|0|0
6|15|0|0|0
6|16|0|0|0
6|17|0|0|0
6|18|0|0|0
6|19|0|0|0
6|20|0|0|0
6|21|0|0|0
6|22|0|0|0
6|23|0|0|0
6|24|0|0|0
6|25|0|0|0
6|26|0|0|0
6|27|0|0|0
6|28|0|0|0
6|29|0|0|0
6|30|0|0|0
6|31|0|0|0
6|32|0|0|0
6|33|0|0|0
6|34|0|0|0
6|35|0|0|0
6|36|0|0|0
6|37|0|0|0
6|38|0|0|0
6|39|0|0|0
6|40|0|0|0
6|41|0|0|0
6|42|0|0|0
6|43|0|0|0
6|44|0|0|0
6|45|0|0|0
6|46|0|0|0
6|47|0|0|0
6|48|0|0|0
6|49|0|0|0
6|50|0|0|0
6|51|0|0|0
6|52|0|0|0
6|53|0|0|0
6|54|0|0|0
6|55|0|0|0
6|56|0|0|0
6|57|0|0|0
6|58|0|0|0
6|59|0|0|0
6|60|0|0|0
6|61|0|0|0
6|62|0|0|0
6|63|0|0|0
6|64|0|0|0
6|65|0|0|0
6|66|0|0|0
6|67|0|0|0
6|68|0|0|0
6|69|0|0|0
6|70|0|0|0
6|71|0|0|0
6|72|0|0|0
6|73|0|0|0
6|74|0|0|0
6|75|0|0|0
6|76|0|0|0
6|77|0|0|0
6|78|0|0|0
6|79|0|0|0
6|80|0|0|0
6|81|0|0|0
6|82|0|0|0
6|83|0|0|0
6|84|0|0|0
6|85|0|0|0
6|86|0|0|0
6|87|0|0|0
6|88|0|0|0
6|89|0|0|0
6|90|0|0|0
6|91|0|0|0
6|92|0|0|0
6|93|0|0|0
6|94|0|0|0
6|95|0|0|0
6|96|0|0|0
6|97|0|0|0
6|98|0|0|0
6|99|0|0|0
6|100|0|0|0
6|101|0|0|0
6|102|0|0|0
6|103|0|0|0
6|104|0|0|0
6|105|0|0|0
6|106|0|0|0
6|107|0|0|0
6|108|0|0|0
6|109|0|0|0
6|110|0|0|0
6|111|0|0|0
6|112|0|0|0
6|113|0|0|0
6|114|0|0|0
6|115|0|0|0
6|116|0|0|0
6|117|0|0|0
6|118|0|0|0
6|119|0|0|0
6|120|0|0|0
6|121|0|0|0
6|122|0|0|0
6|123|0|0|0
6|124|0|0|0
6|125|0|0|0
6|126|0|0|0
6|127|0|0|0
6|128|0|0|0
6|129|0|0|0
6|130|0|0|0
6|131|0|0|0
6|132|0|0|0
6|133|0|0|0
6|134|0|0|0
6|135|0|0|0
6|136|0|0|0
6|137|0|0|0
6|138|0|0|0
6|139|0|0|0
6|140|0|0|0
6|141|0|0|0
6|142|0|0|0
6|143|0|0|0
6|144|0|0|0
6|145|0|0|0
6|146|0|0|0
6|147|0|0|0
6|148|0|0|0
6|149|0|0|0
6|150|0|0|0
6|151|0|0|0
6|152|0|0|0
6|153|0|0|0
6|154|0|0|0
6|155|0|0|0
6|156|0|0|0
6|157|0|0|0
6|158|0|0|0
6|159|0|0|0
6|160|0|0|0
6|161|0|0|0
6|162|0|0|0
6|163|0|0|0
6|164|0|0|0
6|165|0|0|0
6|166|0|0|0
6|167|0|0|0
6|168|0|0|0
6|169|0|0|0
6|170|0|0|0
6|171|0|0|0
6|172|0|0|0
6|173|0|0|0
6|174|0|0|0
6|175|0|0|0
6|176|0|0|0
6|177|0|0|0
6|178|0|0|0
6|179|0|0|0
6|180|0|0|0
6|181|0|0|0
6|182|0|0|0
6|183|0|0|0
6|184|0|0|0
6|185|0|0|0
6|186|0|0|0
6|187|0|0|0
6|188|0|0|0
6|189|0|0|0
6|190|0|0|0
6|191|0|0|0
6|192|0|0|0
6|193|0|0|0
6|194|0|0|0
6|195|0|0|0
6|196|0|0|0
6|197|0|0|0
6|198|0|0|0
6|199|0|0|0
6|200|0|0|0
6|201|0|0|0
6|202|0|0|0
6|203|0|0|0
6|204|0|0|0
6|205|0|0|0
6|206|0|0|0
6|207|0|0|0
6|208|0|0|0
6|209|0|0|0
6|210|0|0|0
6|211|0|0|0
6|212|0|0|0
6|213|0|0|0
6|214|0|0|0
6|215|0|0|0
6|216|0|0|0
6|217|0|0|0
6|218|0|0|0
6|219|0|0|0
6|220|0|0|0
6|221|0|0|0
6|222|0|0|0
6|223|0|0|0
6|224|0|0|0
7|0|0|0|0
7|1|0|0|0
7|2|0|0|0
7|3|0|0|0
7|4|0|0|0
7|5|0|0|0
7|6|0|0|0
7|7|0|0|0
7|8|0|0|0
7|9|0|0|0
7|10|0|0|0
7|11|0|0|0
7|12|0|0|0
7|13|0|0|0
7|14|0|0|0
7|15|0|0|0
7|16|0|0|0
7|17|0|0|0
7|18|0|0|0
7|19|0|0|0
7|20|0|0|0
7|21|0|0|0
7|22|0|0|0
7|23|0|0|0
7|24|0|0|0
7|25|0|0|0
7|26|0|0|0
7|27|0|0|0
7|28|0|0|0
7|29|0|0|0
7|30|0|0|0
7|31|0|0|0
7|32|0|0|0
7|33|0|0|0
7|34|0|0|0
7|35|0|0|0
7|36|0|0|0
7|37|0|0|0
7|38|0|0|0
7|39|0|0|0
7|40|0|0|0
7|41|0|0|0
7|42|0|0|0
7|43|0|0|0
7|44|0|0|0
7|45|0|0|0
7|46|0|0|0
7|47|0|0|0
7|48|0|0|0
7|49|0|0|0
7|50|0|0|0
7|51|0|0|0
7|52|0|0|0
7|53|0|0|0
7|54|0|0|0
7|55|0|0|0
7|56|0|0|0
7|57|0|0|0
7|58|0|0|0
7|59|0|0|0
7|60|0|0|0
7|61|0|0|0
7|62|0|0|0
7|63|0|0|0
7|64|0|0|0
7|65|0|0|0
7|66|0|0|0
7|67|0|0|0
7|68|0|0|0
7|69|0|0|0
7|70|0|0|0
7|71|0|0|0
7|72|0|0|0
7|73|1|11|1
7|74|1|11|1
7|75|0|0|0
7|76|0|0|0
7|77|0|0|0
7|78|0|0|0
7|79|0|0|0
7|80|0|0|0
7|81|0|0|0
7|82|0|0|0
7|83|0|0|0
7|84|0|0|0
7|85|0|0|0
7|86|0|0|0
7|87|1|11|1
7|88|1|11|1
7|89|0|0|0
7|90|0|0|0
7|91|0|0|0
7|92|0|0|0
7|93|0|0|0
7|94|0|0|0
7|95|0|0|0
7|96|0|0|0
7|97|0|0|0
7|98|0|0|0
7|99|0|0|0
7|100|0|0|0
7|101|0|0|0
7|102|0|0|0
7|103|1|11|1
7|104|0|0|0
7|105|0|0|0
7|106|0|0|0
7|107|0|0|0
7|108|0|0|0
7|109|0|0|0
7|110|0|0|0
7|111|0|0|0
7|112|0|0|0
7|113|0|0|0
7|114|0|0|0
7|115|0|0|0
7|116|0|0|0
7|117|1|11|1
7|118|0|0|0
7|119|0|0|0
7|120|0|0|0
7|121|0|0|0
7|122|0|0|0
7|123|0|0|0
7|124|0|0|0
7|125|0|0|0
7|126|0|0|0
7|127|0|0|0
7|128|0|0|0
7|129|0|0|0
7|130|0|0|0
7|131|0|0|0
7|132|1|11|1
7|133|0|0|0
7|134|1|11|1
7|135|0|0|0
7|136|0|0|0
7|137|0|0|0
7|138|0|0|0
7|139|0|0|0
7|140|0|0|0
7|141|0|0|0
7|142|0|0|0
7|143|0|0|0
7|144|0|0|0
7|145|0|0|0
7|146|0|0|0
7|147|1|11|1
7|148|0|0|0
7|149|0|0|0
7|150|0|0|0
7|151|0|0|0
7|152|0|0|0
7|153|0|0|0
7|154|0|0|0
7|155|0|0|0
7|156|0|0|0
7|157|0|0|0
7|158|0|0|0
7|159|0|0|0
7|160|0|0|0
7|161|0|0|0
7|162|1|11|1
7|163|1|11|1
7|164|0|0|0
7|165|0|0|0
7|166|0|0|0
7|167|0|0|0
7|168|0|0|0
7|169|0|0|0
7|170|0|0|0
7|171|0|0|0
7|172|0|0|0
7|173|0|0|0
7|174|0|0|0
7|175|0|0|0
7|176|0|0|0
7|177|0|0|0
7|178|0|0|0
7|179|0|0|0
7|180|0|0|0
7|181|0|0|0
7|182|0|0|0
7|183|0|0|0
7|184|0|0|0
7|185|0|0|0
7|186|1|11|1
7|187|0|0|0
7|188|1|11|1
7|189|0|0|0
7|190|0|0|0
7|191|0|0|0
7|192|0|0|0
7|193|1|11|1
7|194|0|0|0
7|195|0|0|0
7|196|0|0|0
7|197|0|0|0
7|198|0|0|0
7|199|1|11|1
7|200|0|0|0
7|201|0|0|0
7|202|0|0|0
7|203|0|0|0
7|204|0|11|0
7|205|1|11|1
7|206|1|11|1
7|207|1|11|1
7|208|1|11|1
7|209|0|0|0
7|210|0|0|0
7|211|0|0|0
7|212|0|0|0
7|213|0|0|0
7|214|0|0|0
7|215|0|11|0
7|216|1|11|1
7|217|1|11|1
7|218|0|0|0
7|219|1|11|1
7|220|0|0|0
7|221|0|0|0
7|222|0|0|0
7|223|0|0|0
7|224|0|0|0
8|0|0|0|0
8|1|0|0|0
8|2|0|0|0
8|3|0|0|0
8|4|0|0|0
8|5|0|0|0
8|6|0|0|0
8|7|0|0|0
8|8|0|0|0
8|9|0|0|0
8|10|0|0|0
8|11|0|0|0
8|12|0|0|0
8|13|0|0|0
8|14|0|0|0
8|15|0|0|0
8|16|0|0|0
8|17|0|0|0
8|18|0|0|0
8|19|0|0|0
8|20|0|0|0
8|21|0|0|0
8|22|0|0|0
8|23|0|0|0
8|24|0|0|0
8|25|0|0|0
8|26|0|0|0
8|27|0|0|0
8|28|0|0|0
8|29|0|0|0
8|30|0|0|0
8|31|0|0|0
8|32|0|0|0
8|33|0|0|0
8|34|0|0|0
8|35|0|0|0
8|36|0|0|0
8|37|0|0|0
8|38|0|0|0
8|39|0|0|0
8|40|0|0|0
8|41|0|0|0
8|42|0|0|0
8|43|0|0|0
8|44|0|0|0
8|45|0|0|0
8|46|0|0|0
8|47|0|0|0
8|48|0|0|0
8|49|0|0|0
8|50|0|0|0
8|51|0|0|0
8|52|0|0|0
8|53|0|0|0
8|54|0|0|0
8|55|0|0|0
8|56|0|0|0
8|57|0|0|0
8|58|0|0|0
8|59|0|0|0
8|60|0|0|0
8|61|0|0|0
8|62|0|0|0
8|63|0|0|0
8|64|0|0|0
8|65|0|0|0
8|66|0|0|0
8|67|0|0|0
8|68|0|0|0
8|69|0|0|0
8|70|0|0|0
8|71|0|0|0
8|72|0|0|0
8|73|0|0|0
8|74|0|0|0
8|75|0|0|0
8|76|0|0|0
8|77|0|0|0
8|78|0|0|0
8|79|0|0|0
8|80|0|0|0
8|81|0|0|0
8|82|0|0|0
8|83|0|0|0
8|84|0|0|0
8|85|0|0|0
8|86|0|0|0
8|87|0|0|0
8|88|0|0|0
8|89|0|0|0
8|90|0|0|0
8|91|0|0|0
8|92|0|0|0
8|93|0|0|0
8|94|0|0|0
8|95|0|0|0
8|96|0|0|0
8|97|0|0|0
8|98|0|0|0
8|99|0|0|0
8|100|0|0|0
8|101|0|0|0
8|102|0|0|0
8|103|0|0|0
8|104|0|0|0
8|105|0|0|0
8|106|0|0|0
8|107|0|0|0
8|108|0|0|0
8|109|0|0|0
8|110|0|0|0
8|111|0|0|0
8|112|0|0|0
8|113|0|0|0
8|114|0|0|0
8|115|0|0|0
8|116|0|0|0
8|117|0|0|0
8|118|0|0|0
8|119|0|0|0
8|120|0|0|0
8|121|0|0|0
8|122|0|0|0
8|123|0|0|0
8|124|0|0|0
8|125|0|0|0
8|126|0|0|0
8|127|0|0|0
8|128|0|0|0
8|129|0|0|0
8|130|0|0|0
8|131|0|0|0
8|132|0|0|0
8|133|0|0|0
8|134|0|0|0
8|135|0|0|0
8|136|0|0|0
8|137|0|0|0
8|138|0|0|0
8|139|0|0|0
8|140|0|0|0
8|141|0|0|0
8|142|0|0|0
8|143|0|0|0
8|144|0|0|0
8|145|0|0|0
8|146|0|0|0
8|147|0|0|0
8|148|0|0|0
8|149|0|0|0
8|150|0|0|0
8|151|0|0|0
8|152|0|0|0
8|153|0|0|0
8|154|0|0|0
8|155|0|0|0
8|156|0|0|0
8|157|0|0|0
8|158|0|0|0
8|159|0|0|0
8|160|0|0|0
8|161|0|0|0
8|162|0|0|0
8|163|0|0|0
8|164|0|0|0
8|165|0|0|0
8|166|0|0|0
8|167|0|0|0
8|168|0|0|0
8|169|0|0|0
8|170|0|0|0
8|171|0|0|0
8|172|0|0|0
8|173|0|0|0
8|174|0|0|0
8|175|0|0|0
8|176|0|0|0
8|177|0|0|0
8|178|0|0|0
8|179|0|0|0
8|180|0|0|0
8|181|0|0|0
8|182|0|0|0
8|183|0|0|0
8|184|0|0|0
8|185|0|0|0
8|186|0|0|0
8|187|0|0|0
8|188|0|0|0
8|189|0|0|0
8|190|0|0|0
8|191|0|0|0
8|192|0|0|0
8|193|0|0|0
8|194|0|0|0
8|195|0|0|0
8|196|0|0|0
8|197|0|0|0
8|198|0|0|0
8|199|0|0|0
8|200|0|0|0
8|201|0|0|0
8|202|0|0|0
8|203|0|0|0
8|204|0|0|0
8|205|0|0|0
8|206|0|0|0
8|207|0|0|0
8|208|0|0|0
8|209|0|0|0
8|210|0|0|0
8|211|0|0|0
8|212|0|0|0
8|213|0|0|0
8|214|0|0|0
8|215|0|0|0
8|216|0|0|0
8|217|0|0|0
8|218|0|0|0
8|219|0|0|0
8|220|0|0|0
8|221|0|0|0
8|222|0|0|0
8|223|0|0|0
8|224|0|0|0
9|0|0|0|0
9|1|0|0|0
9|2|0|0|0
9|3|0|0|0
9|4|0|0|0
9|5|0|0|0
9|6|0|0|0
9|7|0|0|0
9|8|0|0|0
9|9|0|0|0
9|10|0|0|0
9|11|0|0|0
9|12|0|0|0
9|13|0|0|0
9|14|0|0|0
9|15|0|0|0
9|16|0|0|0
9|17|0|0|0
9|18|0|0|0
9|19|0|0|0
9|20|0|0|0
9|21|0|0|0
9|22|0|0|0
9|23|0|0|0
9|24|0|0|0
9|25|0|0|0
9|26|0|0|0
9|27|0|0|0
9|28|0|0|0
9|29|0|0|0
9|30|0|0|0
9|31|0|0|0
9|32|0|0|0
9|33|0|0|0
9|34|0|0|0
9|35|0|0|0
9|36|0|0|0
9|37|0|0|0
9|38|0|0|0
9|39|0|0|0
9|40|0|0|0
9|41|0|0|0
9|42|0|0|0
9|43|0|0|0
9|44|0|0|0
9|45|0|0|0
9|46|0|0|0
9|47|0|0|0
9|48|0|0|0
9|49|0|0|0
9|50|0|0|0
9|51|0|0|0
9|52|0|0|0
9|53|0|0|0
9|54|0|0|0
9|55|0|0|0
9|56|0|0|0
9|57|0|0|0
9|58|0|0|0
9|59|0|0|0
9|60|0|0|0
9|61|0|0|0
9|62|0|0|0
9|63|0|0|0
9|64|0|0|0
9|65|0|0|0
9|66|0|0|0
9|67|0|0|0
9|68|0|0|0
9|69|0|0|0
9|70|0|0|0
9|71|0|0|0
9|72|0|0|0
9|73|0|0|0
9|74|0|0|0
9|75|0|0|0
9|76|0|0|0
9|77|0|0|0
9|78|0|0|0
9|79|0|0|0
9|80|0|0|0
9|81|0|0|0
9|82|0|0|0
9|83|0|0|0
9|84|0|0|0
9|85|0|0|0
9|86|0|0|0
9|87|0|0|0
9|88|0|0|0
9|89|0|0|0
9|90|0|0|0
9|91|0|0|0
9|92|0|0|0
9|93|0|0|0
9|94|0|0|0
9|95|0|0|0
9|96|0|0|0
9|97|0|0|0
9|98|0|0|0
9|99|0|0|0
9|100|0|0|0
9|101|0|0|0
9|102|0|0|0
9|103|0|0|0
9|104|0|0|0
9|105|0|0|0
9|106|0|0|0
9|107|0|0|0
9|108|0|0|0
9|109|0|0|0
9|110|0|0|0
9|111|0|0|0
9|112|0|0|0
9|113|0|0|0
9|114|0|0|0
9|115|0|0|0
9|116|0|0|0
9|117|0|0|0
9|118|0|0|0
9|119|0|0|0
9|120|0|0|0
9|121|0|0|0
9|122|0|0|0
9|123|0|0|0
9|124|0|0|0
9|125|0|0|0
9|126|0|0|0
9|127|0|0|0
9|128|0|0|0
9|129|0|0|0
9|130|0|0|0
9|131|0|0|0
9|132|0|0|0
9|133|0|0|0
9|134|0|0|0
9|135|0|0|0
9|136|0|0|0
9|137|0|0|0
9|138|0|0|0
9|139|0|0|0
9|140|0|0|0
9|141|0|0|0
9|142|0|0|0
9|143|0|0|0
9|144|0|0|0
9|145|0|0|0
9|146|0|0|0
9|147|0|0|0
9|148|0|0|0
9|149|0|0|0
9|150|0|0|0
9|151|0|0|0
9|152|0|0|0
9|153|0|0|0
9|154|0|0|0
9|155|0|0|0
9|156|0|0|0
9|157|0|0|0
9|158|0|0|0
9|159|0|0|0
9|160|0|0|0
9|161|0|0|0
9|162|0|0|0
9|163|0|0|0
9|164|0|0|0
9|165|0|0|0
9|166|0|0|0
9|167|0|0|0
9|168|0|0|0
9|169|0|0|0
9|170|0|0|0
9|171|0|0|0
9|172|0|0|0
9|173|0|0|0
9|174|0|0|0
9|175|0|0|0
9|176|0|0|0
9|177|0|0|0
9|178|0|0|0
9|179|0|0|0
9|180|0|0|0
9|181|0|0|0
9|182|0|0|0
9|183|0|0|0
9|184|0|0|0
9|185|0|0|0
9|186|0|0|0
9|187|0|0|0
9|188|0|0|0
9|189|0|0|0
9|190|0|0|0
9|191|0|0|0
9|192|0|0|0
9|193|0|0|0
9|194|0|0|0
9|195|0|0|0
9|196|0|0|0
9|197|0|0|0
9|198|0|0|0
9|199|0|0|0
9|200|0|0|0
9|201|0|0|0
9|202|0|0|0
9|203|0|0|0
9|204|0|0|0
9|205|0|0|0
9|206|0|0|0
9|207|0|0|0
9|208|0|0|0
9|209|0|0|0
9|210|0|0|0
9|211|0|0|0
9|212|0|0|0
9|213|0|0|0
9|214|0|0|0
9|215|0|0|0
9|216|0|0|0
9|217|0|0|0
9|218|0|0|0
9|219|0|0|0
9|220|0|0|0
9|221|0|0|0
9|222|0|0|0
9|223|0|0|0
9|224|0|0|0
10|0|0|0|0
10|1|0|0|0
10|2|0|0|0
10|3|0|0|0
10|4|0|0|0
10|5|0|0|0
10|6|0|0|0
10|7|0|0|0
10|8|0|0|0
10|9|0|0|0
10|10|0|0|0
10|11|0|0|0
10|12|0|0|0
10|13|0|0|0
10|14|0|0|0
10|15|0|0|0
10|16|0|0|0
10|17|0|0|0
10|18|0|0|0
10|19|0|0|0
10|20|0|0|0
10|21|0|0|0
10|22|0|0|0
10|23|0|0|0
10|24|0|0|0
10|25|0|0|0
10|26|0|0|0
10|27|0|0|0
10|28|0|0|0
10|29|0|0|0
10|30|0|0|0
10|31|0|0|0
10|32|0|0|0
10|33|0|0|0
10|34|0|0|0
10|35|0|0|0
10|36|0|0|0
10|37|0|0|0
10|38|0|0|0
10|39|0|0|0
10|40|0|0|0
10|41|0|0|0
10|42|0|0|0
10|43|0|0|0
10|44|0|0|0
10|45|0|0|0
10|46|0|0|0
10|47|0|0|0
10|48|0|0|0
10|49|0|0|0
10|50|0|0|0
10|51|0|0|0
10|52|0|0|0
10|53|0|0|0
10|54|0|0|0
10|55|0|0|0
10|56|0|0|0
10|57|0|0|0
10|58|0|0|0
10|59|0|0|0
10|60|0|0|0
10|61|0|0|0
10|62|0|0|0
10|63|0|0|0
10|64|0|0|0
10|65|0|0|0
10|66|0|0|0
10|67|0|0|0
10|68|0|0|0
10|69|0|0|0
10|70|0|0|0
10|71|0|0|0
10|72|0|0|0
10|73|0|0|0
10|74|0|0|0
10|75|0|0|0
10|76|0|0|0
10|77|0|0|0
10|78|0|0|0
10|79|0|0|0
10|80|0|0|0
10|81|0|0|0
10|82|0|0|0
10|83|0|0|0
10|84|0|0|0
10|85|0|0|0
10|86|0|0|0
10|87|0|0|0
10|88|0|0|0
10|89|0|0|0
10|90|0|0|0
10|91|0|0|0
10|92|0|0|0
10|93|0|0|0
10|94|0|0|0
10|95|0|0|0
10|96|0|0|0
10|97|0|0|0
10|98|0|0|0
10|99|0|0|0
10|100|0|0|0
10|101|0|0|0
10|102|0|0|0
10|103|0|0|0
10|104|0|0|0
10|105|0|0|0
10|106|0|0|0
10|107|0|0|0
10|108|0|0|0
10|109|0|0|0
10|110|0|0|0
10|111|0|0|0
10|112|0|0|0
10|113|0|0|0
10|114|0|0|0
10|115|0|0|0
10|116|0|0|0
10|117|0|0|0
10|118|0|0|0
10|119|0|0|0
10|120|0|0|0
10|121|0|0|0
10|122|0|0|0
10|123|0|0|0
10|124|0|0|0
10|125|0|0|0
10|126|0|0|0
10|127|0|0|0
10|128|0|0|0
10|129|0|0|0
10|130|0|0|0
10|131|0|0|0
10|132|0|0|0
10|133|0|0|0
10|134|0|0|0
10|135|0|0|0
10|136|0|0|0
10|137|0|0|0
10|138|0|0|0
10|139|0|0|0
10|140|0|0|0
10|141|0|0|0
10|142|0|0|0
10|143|0|0|0
10|144|0|0|0
10|145|0|0|0
10|146|0|0|0
10|147|0|0|0
10|148|0|0|0
10|149|0|0|0
10|150|0|0|0
10|151|0|0|0
10|152|0|0|0
10|153|0|0|0
10|154|0|0|0
10|155|0|0|0
10|156|0|0|0
10|157|0|0|0
10|158|0|0|0
10|159|0|0|0
10|160|0|0|0
10|161|0|0|0
10|162|0|0|0
10|163|0|0|0
10|164|0|0|0
10|165|0|0|0
10|166|0|0|0
10|167|0|0|0
10|168|0|0|0
10|169|0|0|0
10|170|0|0|0
10|171|0|0|0
10|172|0|0|0
10|173|0|0|0
10|174|0|0|0
10|175|0|0|0
10|176|0|0|0
10|177|0|0|0
10|178|0|0|0
10|179|0|0|0
10|180|0|0|0
10|181|0|0|0
10|182|0|0|0
10|183|0|0|0
10|184|0|0|0
10|185|0|0|0
10|186|0|0|0
10|187|0|0|0
10|188|0|0|0
10|189|0|0|0
10|190|0|0|0
10|191|0|0|0
10|192|0|0|0
10|193|0|0|0
10|194|0|0|0
10|195|0|0|0
10|196|0|0|0
10|197|0|0|0
10|198|0|0|0
10|199|0|0|0
10|200|0|0|0
10|201|0|0|0
10|202|0|0|0
10|203|0|0|0
10|204|0|0|0
10|205|0|0|0
10|206|0|0|0
10|207|0|0|0
10|208|0|0|0
10|209|0|0|0
10|210|0|0|0
10|211|0|0|0
10|212|0|0|0
10|213|0|0|0
10|214|0|0|0
10|215|0|0|0
10|216|0|0|0
10|217|0|0|0
10|218|0|0|0
10|219|0|0|0
10|220|0|0|0
10|221|0|0|0
10|222|0|0|0
10|223|0|0|0
10|224|0|0|0
11|0|0|0|0
11|1|0|0|0
11|2|0|0|0
11|3|0|0|0
11|4|0|0|0
11|5|0|0|0
11|6|0|0|0
11|7|0|0|0
11|8|0|0|0
11|9|0|0|0
11|10|0|0|0
11|11|0|0|0
11|12|0|0|0
11|13|0|0|0
11|14|0|0|0
11|15|0|0|0
11|16|0|0|0
11|17|0|0|0
11|18|0|0|0
11|19|0|0|0
11|20|0|0|0
11|21|0|0|0
11|22|0|0|0
11|23|0|0|0
11|24|0|0|0
11|25|0|0|0
11|26|0|0|0
11|27|0|0|0
11|28|0|0|0
11|29|0|0|0
11|30|0|0|0
11|31|0|0|0
11|32|0|0|0
11|33|0|0|0
11|34|0|0|0
11|35|0|0|0
11|36|0|0|0
11|37|0|0|0
11|38|0|0|0
11|39|0|0|0
11|40|0|0|0
11|41|0|0|0
11|42|0|0|0
11|43|0|0|0
11|44|0|0|0
11|45|0|0|0
11|46|0|0|0
11|47|0|0|0
11|48|0|0|0
11|49|0|0|0
11|50|0|0|0
11|51|0|0|0
11|52|0|0|0
11|53|0|0|0
11|54|0|0|0
11|55|0|0|0
11|56|0|0|0
11|57|0|0|0
11|58|0|0|0
11|59|0|0|0
11|60|0|0|0
11|61|0|0|0
11|62|0|0|0
11|63|0|0|0
11|64|0|0|0
11|65|0|0|0
11|66|0|0|0
11|67|0|0|0
11|68|0|0|0
11|69|0|0|0
11|70|0|0|0
11|71|0|0|0
11|72|0|0|0
11|73|0|0|0
11|74|0|0|0
11|75|0|0|0
11|76|0|0|0
11|77|0|0|0
11|78|0|0|0
11|79|0|0|0
11|80|0|0|0
11|81|0|0|0
11|82|0|0|0
11|83|0|0|0
11|84|0|0|0
11|85|0|0|0
11|86|0|0|0
11|87|0|0|0
11|88|0|0|0
11|89|0|0|0
11|90|0|0|0
11|91|0|0|0
11|92|0|0|0
11|93|0|0|0
11|94|0|0|0
11|95|0|0|0
11|96|0|0|0
11|97|0|0|0
11|98|0|0|0
11|99|0|0|0
11|100|0|0|0
11|101|0|0|0
11|102|0|0|0
11|103|0|0|0
11|104|0|0|0
11|105|0|0|0
11|106|0|0|0
11|107|0|0|0
11|108|0|0|0
11|109|0|0|0
11|110|0|0|0
11|111|0|0|0
11|112|0|0|0
11|113|0|0|0
11|114|0|0|0
11|115|0|0|0
11|116|0|0|0
11|117|0|0|0
11|118|0|0|0
11|119|0|0|0
11|120|0|0|0
11|121|0|0|0
11|122|0|0|0
11|123|0|0|0
11|124|0|0|0
11|125|0|0|0
11|126|0|0|0
11|127|0|0|0
11|128|0|0|0
11|129|0|0|0
11|130|0|0|0
11|131|0|0|0
11|132|0|0|0
11|133|0|0|0
11|134|0|0|0
11|135|0|0|0
11|136|0|0|0
11|137|0|0|0
11|138|0|0|0
11|139|0|0|0
11|140|0|0|0
11|141|0|0|0
11|142|0|0|0
11|143|0|0|0
11|144|0|0|0
11|145|0|0|0
11|146|0|0|0
11|147|0|0|0
11|148|0|0|0
11|149|0|0|0
11|150|0|0|0
11|151|0|0|0
11|152|0|0|0
11|153|0|0|0
11|154|0|0|0
11|155|0|0|0
11|156|0|0|0
11|157|0|0|0
11|158|0|0|0
11|159|0|0|0
11|160|0|0|0
11|161|0|0|0
11|162|0|0|0
11|163|0|0|0
11|164|0|0|0
11|165|0|0|0
11|166|0|0|0
11|167|0|0|0
11|168|0|0|0
11|169|0|0|0
11|170|0|0|0
11|171|0|0|0
11|172|0|0|0
11|173|0|0|0
11|174|0|0|0
11|175|0|0|0
11|176|0|0|0
11|177|0|0|0
11|178|0|0|0
11|179|0|0|0
11|180|0|0|0
11|181|0|0|0
11|182|0|0|0
11|183|0|0|0
11|184|0|0|0
11|185|0|0|0
11|186|0|0|0
11|187|0|0|0
11|188|0|0|0
11|189|0|0|0
11|190|0|0|0
11|191|0|0|0
11|192|0|0|0
11|193|0|0|0
11|194|0|0|0
11|195|0|0|0
11|196|0|0|0
11|197|0|0|0
11|198|0|0|0
11|199|0|0|0
11|200|0|0|0
11|201|0|0|0
11|202|0|0|0
11|203|0|0|0
11|204|0|0|0
11|205|0|0|0
11|206|0|0|0
11|207|0|0|0
11|208|0|0|0
11|209|0|0|0
11|210|0|0|0
11|211|0|0|0
11|212|0|0|0
11|213|0|0|0
11|214|0|0|0
11|215|0|0|0
11|216|0|0|0
11|217|0|0|0
11|218|0|0|0
11|219|0|0|0
11|220|0|0|0
11|221|0|0|0
11|222|0|0|0
11|223|0|0|0
11|224|0|0|0
12|0|0|0|0
12|1|0|0|0
12|2|0|0|0
12|3|0|0|0
12|4|0|0|0
12|5|0|0|0
12|6|0|0|0
12|7|0|0|0
12|8|0|0|0
12|9|0|0|0
12|10|0|0|0
12|11|0|0|0
12|12|0|0|0
12|13|0|0|0
12|14|0|0|0
12|15|0|0|0
12|16|0|0|0
12|17|0|0|0
12|18|0|0|0
12|19|0|0|0
12|20|0|0|0
12|21|0|0|0
12|22|0|0|0
12|23|0|0|0
12|24|0|0|0
12|25|0|0|0
12|26|0|0|0
12|27|0|0|0
12|28|0|0|0
12|29|0|0|0
12|30|0|0|0
12|31|0|0|0
12|32|0|0|0
12|33|0|0|0
12|34|0|0|0
12|35|0|0|0
12|36|0|0|0
12|37|0|0|0
12|38|0|0|0
12|39|0|0|0
12|40|0|0|0
12|41|0|0|0
12|42|0|0|0
12|43|0|0|0
12|44|0|0|0
12|45|0|0|0
12|46|0|0|0
12|47|0|0|0
12|48|0|0|0
12|49|0|0|0
12|50|0|0|0
12|51|0|0|0
12|52|0|0|0
12|53|0|0|0
12|54|0|0|0
12|55|0|0|0
12|56|0|0|0
12|57|0|0|0
12|58|0|0|0
12|59|0|0|0
12|60|0|0|0
12|61|0|0|0
12|62|0|0|0
12|63|0|0|0
12|64|0|0|0
12|65|0|0|0
12|66|0|0|0
12|67|0|0|0
12|68|0|0|0
12|69|0|0|0
12|70|0|0|0
12|71|0|0|0
12|72|0|0|0
12|73|0|0|0
12|74|0|0|0
12|75|0|0|0
12|76|0|0|0
12|77|0|0|0
12|78|0|0|0
12|79|0|0|0
12|80|0|0|0
12|81|0|0|0
12|82|0|0|0
12|83|0|0|0
12|84|0|0|0
12|85|0|0|0
12|86|0|0|0
12|87|0|0|0
12|88|0|0|0
12|89|0|0|0
12|90|0|0|0
12|91|0|0|0
12|92|0|0|0
12|93|0|0|0
12|94|0|0|0
12|95|0|0|0
12|96|0|0|0
12|97|0|0|0
12|98|0|0|0
12|99|0|0|0
12|100|0|0|0
12|101|0|0|0
12|102|0|0|0
12|103|0|0|0
12|104|0|0|0
12|105|0|0|0
12|106|0|0|0
12|107|0|0|0
12|108|0|0|0
12|109|0|0|0
12|110|0|0|0
12|111|0|0|0
12|112|0|0|0
12|113|0|0|0
12|114|0|0|0
12|115|0|0|0
12|116|0|0|0
12|117|0|0|0
12|118|0|0|0
12|119|0|0|0
12|120|0|0|0
12|121|0|0|0
12|122|0|0|0
12|123|0|0|0
12|124|0|0|0
12|125|0|0|0
12|126|0|0|0
12|127|0|0|0
12|128|0|0|0
12|129|0|0|0
12|130|0|0|0
12|131|0|0|0
12|132|0|0|0
12|133|0|0|0
12|134|0|0|0
12|135|0|0|0
12|136|0|0|0
12|137|0|0|0
12|138|0|0|0
12|139|0|0|0
12|140|0|0|0
12|141|0|0|0
12|142|0|0|0
12|143|0|0|0
12|144|0|0|0
12|145|0|0|0
12|146|0|0|0
12|147|0|0|0
12|148|0|0|0
12|149|0|0|0
12|150|0|0|0
12|151|0|0|0
12|152|0|0|0
12|153|0|0|0
12|154|0|0|0
12|155|0|0|0
12|156|0|0|0
12|157|0|0|0
12|158|0|0|0
12|159|0|0|0
12|160|0|0|0
12|161|0|0|0
12|162|0|0|0
12|163|0|0|0
12|164|0|0|0
12|165|0|0|0
12|166|0|0|0
12|167|0|0|0
12|168|0|0|0
12|169|0|0|0
12|170|0|0|0
12|171|0|0|0
12|172|0|0|0
12|173|0|0|0
12|174|0|0|0
12|175|0|0|0
12|176|0|0|0
12|177|0|0|0
12|178|0|0|0
12|179|0|0|0
12|180|0|0|0
12|181|0|0|0
12|182|0|0|0
12|183|0|0|0
12|184|0|0|0
12|185|0|0|0
12|186|0|0|0
12|187|0|0|0
12|188|0|0|0
12|189|0|0|0
12|190|0|0|0
12|191|0|0|0
12|192|0|0|0
12|193|0|0|0
12|194|0|0|0
12|195|0|0|0
12|196|0|0|0
12|197|0|0|0
12|198|0|0|0
12|199|0|0|0
12|200|0|0|0
12|201|0|0|0
12|202|0|0|0
12|203|0|0|0
12|204|0|0|0
12|205|0|0|0
12|206|0|0|0
12|207|0|0|0
12|208|0|0|0
12|209|0|0|0
12|210|0|0|0
12|211|0|0|0
12|212|0|0|0
12|213|0|0|0
12|214|0|0|0
12|215|0|0|0
12|216|0|0|0
12|217|0|0|0
12|218|0|0|0
12|219|0|0|0
12|220|0|0|0
12|221|0|0|0
12|222|0|0|0
12|223|0|0|0
12|224|0|0|0
13|0|0|0|0
13|1|0|0|0
13|2|0|0|0
13|3|0|0|0
13|4|0|0|0
13|5|0|0|0
13|6|0|0|0
13|7|0|0|0
13|8|0|0|0
13|9|0|0|0
13|10|0|0|0
13|11|0|0|0
13|12|0|0|0
13|13|0|0|0
13|14|0|0|0
13|15|0|0|0
13|16|0|0|0
13|17|0|0|0
13|18|0|0|0
13|19|0|0|0
13|20|0|0|0
13|21|0|0|0
13|22|0|0|0
13|23|0|0|0
13|24|0|0|0
13|25|0|0|0
13|26|0|0|0
13|27|0|0|0
13|28|0|0|0
13|29|0|0|0
13|30|0|0|0
13|31|0|0|0
13|32|0|0|0
13|33|0|0|0
13|34|0|0|0
13|35|0|0|0
13|36|0|0|0
13|37|0|0|0
13|38|0|0|0
13|39|0|0|0
13|40|0|0|0
13|41|0|0|0
13|42|0|0|0
13|43|0|0|0
13|44|0|0|0
13|45|0|0|0
13|46|0|0|0
13|47|0|0|0
13|48|0|0|0
13|49|0|0|0
13|50|0|0|0
13|51|0|0|0
13|52|0|0|0
13|53|0|0|0
13|54|0|0|0
13|55|0|0|0
13|56|0|0|0
13|57|0|0|0
13|58|0|0|0
13|59|0|0|0
13|60|0|0|0
13|61|0|0|0
13|62|0|0|0
13|63|0|0|0
13|64|0|0|0
13|65|0|0|0
13|66|0|0|0
13|67|0|0|0
13|68|0|0|0
13|69|0|0|0
13|70|0|0|0
13|71|0|0|0
13|72|0|0|0
13|73|0|0|0
13|74|0|0|0
13|75|0|0|0
13|76|0|0|0
13|77|0|0|0
13|78|0|0|0
13|79|0|0|0
13|80|0|0|0
13|81|0|0|0
13|82|0|0|0
13|83|0|0|0
13|84|0|0|0
13|85|0|0|0
13|86|0|0|0
13|87|0|0|0
13|88|0|0|0
13|89|0|0|0
13|90|0|0|0
13|91|0|0|0
13|92|0|0|0
13|93|0|0|0
13|94|0|0|0
13|95|0|0|0
13|96|0|0|0
13|97|0|0|0
13|98|0|0|0
13|99|0|0|0
13|100|0|0|0
13|101|0|0|0
13|102|0|0|0
13|103|0|0|0
13|104|0|0|0
13|105|0|0|0
13|106|0|0|0
13|107|0|0|0
13|108|0|0|0
13|109|0|0|0
13|110|0|0|0
13|111|0|0|0
13|112|0|0|0
13|113|0|0|0
13|114|0|0|0
13|115|0|0|0
13|116|0|0|0
13|117|0|0|0
13|118|0|0|0
13|119|0|0|0
13|120|0|0|0
13|121|0|0|0
13|122|0|0|0
13|123|0|0|0
13|124|0|0|0
13|125|0|0|0
13|126|0|0|0
13|127|0|0|0
13|128|0|0|0
13|129|0|0|0
13|130|0|0|0
13|131|0|0|0
13|132|0|0|0
13|133|0|0|0
13|134|0|0|0
13|135|0|0|0
13|136|0|0|0
13|137|0|0|0
13|138|0|0|0
13|139|0|0|0
13|140|0|0|0
13|141|0|0|0
13|142|0|0|0
13|143|0|0|0
13|144|0|0|0
13|145|0|0|0
13|146|0|0|0
13|147|0|0|0
13|148|0|0|0
13|149|0|0|0
13|150|0|0|0
13|151|0|0|0
13|152|0|0|0
13|153|0|0|0
13|154|0|0|0
13|155|0|0|0
13|156|0|0|0
13|157|0|0|0
13|158|0|0|0
13|159|0|0|0
13|160|0|0|0
13|161|0|0|0
13|162|0|0|0
13|163|0|0|0
13|164|0|0|0
13|165|0|0|0
13|166|0|0|0
13|167|0|0|0
13|168|0|0|0
13|169|0|0|0
13|170|0|0|0
13|171|0|0|0
13|172|0|0|0
13|173|0|0|0
13|174|0|0|0
13|175|0|0|0
13|176|0|0|0
13|177|0|0|0
13|178|0|0|0
13|179|0|0|0
13|180|0|0|0
13|181|0|0|0
13|182|0|0|0
13|183|0|0|0
13|184|0|0|0
13|185|0|0|0
13|186|0|0|0
13|187|0|0|0
13|188|0|0|0
13|189|0|0|0
13|190|0|0|0
13|191|0|0|0
13|192|0|0|0
13|193|0|0|0
13|194|0|0|0
13|195|0|0|0
13|196|0|0|0
13|197|0|0|0
13|198|0|0|0
13|199|0|0|0
13|200|0|0|0
13|201|0|0|0
13|202|0|0|0
13|203|0|0|0
13|204|0|0|0
13|205|0|0|0
13|206|0|0|0
13|207|0|0|0
13|208|0|0|0
13|209|0|0|0
13|210|0|0|0
13|211|0|0|0
13|212|0|0|0
13|213|0|0|0
13|214|0|0|0
13|215|0|0|0
13|216|0|0|0
13|217|0|0|0
13|218|0|0|0
13|219|0|0|0
13|220|0|0|0
13|221|0|0|0
13|222|0|0|0
13|223|0|0|0
13|224|0|0|0
14|0|0|0|0
14|1|0|0|0
14|2|0|0|0
14|3|0|0|0
14|4|0|0|0
14|5|0|0|0
14|6|0|0|0
14|7|0|0|0
14|8|0|0|0
14|9|0|0|0
14|10|0|0|0
14|11|0|0|0
14|12|0|0|0
14|13|0|0|0
14|14|0|0|0
14|15|0|0|0
14|16|0|0|0
14|17|0|0|0
14|18|0|0|0
14|19|0|0|0
14|20|0|0|0
14|21|0|0|0
14|22|0|0|0
14|23|0|0|0
14|24|0|0|0
14|25|0|0|0
14|26|0|0|0
14|27|0|0|0
14|28|0|0|0
14|29|0|0|0
14|30|0|0|0
14|31|0|0|0
14|32|0|0|0
14|33|0|0|0
14|34|0|0|0
14|35|0|0|0
14|36|0|0|0
14|37|0|0|0
14|38|0|0|0
14|39|0|0|0
14|40|0|0|0
14|41|0|0|0
14|42|0|0|0
14|43|0|0|0
14|44|0|0|0
14|45|0|0|0
14|46|0|0|0
14|47|0|0|0
14|48|0|0|0
14|49|0|0|0
14|50|0|0|0
14|51|0|0|0
14|52|0|0|0
14|53|0|0|0
14|54|0|0|0
14|55|0|0|0
14|56|0|0|0
14|57|0|0|0
14|58|0|0|0
14|59|0|0|0
14|60|0|0|0
14|61|0|0|0
14|62|0|0|0
14|63|0|0|0
14|64|0|0|0
14|65|0|0|0
14|66|0|0|0
14|67|0|0|0
14|68|0|0|0
14|69|0|0|0
14|70|0|0|0
14|71|0|0|0
14|72|0|0|0
14|73|0|0|0
14|74|0|0|0
14|75|0|0|0
14|76|0|0|0
14|77|0|0|0
14|78|0|0|0
14|79|0|0|0
14|80|0|0|0
14|81|0|0|0
14|82|0|0|0
14|83|0|0|0
14|84|0|0|0
14|85|0|0|0
14|86|0|0|0
14|87|0|0|0
14|88|0|0|0
14|89|0|0|0
14|90|0|0|0
14|91|0|0|0
14|92|0|0|0
14|93|0|0|0
14|94|0|0|0
14|95|0|0|0
14|96|0|0|0
14|97|0|0|0
14|98|0|0|0
14|99|0|0|0
14|100|0|0|0
14|101|0|0|0
14|102|0|0|0
14|103|0|0|0
14|104|0|0|0
14|105|0|0|0
14|106|0|0|0
14|107|0|0|0
14|108|0|0|0
14|109|0|0|0
14|110|0|0|0
14|111|0|0|0
14|112|0|0|0
14|113|0|0|0
14|114|0|0|0
14|115|0|0|0
14|116|0|0|0
14|117|0|0|0
14|118|0|0|0
14|119|0|0|0
14|120|0|0|0
14|121|0|0|0
14|122|0|0|0
14|123|0|0|0
14|124|0|0|0
14|125|0|0|0
14|126|0|0|0
14|127|0|0|0
14|128|0|0|0
14|129|0|0|0
14|130|0|0|0
14|131|0|0|0
14|132|0|0|0
14|133|0|0|0
14|134|0|0|0
14|135|0|0|0
14|136|0|0|0
14|137|0|0|0
14|138|0|0|0
14|139|0|0|0
14|140|0|0|0
14|141|0|0|0
14|142|0|0|0
14|143|0|0|0
14|144|0|0|0
14|145|0|0|0
14|146|0|0|0
14|147|0|0|0
14|148|0|0|0
14|149|0|0|0
14|150|0|0|0
14|151|0|0|0
14|152|0|0|0
14|153|0|0|0
14|154|0|0|0
14|155|0|0|0
14|156|0|0|0
14|157|0|0|0
14|158|0|0|0
14|159|0|0|0
14|160|0|0|0
14|161|0|0|0
14|162|0|0|0
14|163|0|0|0
14|164|0|0|0
14|165|0|0|0
14|166|0|0|0
14|167|0|0|0
14|168|0|0|0
14|169|0|0|0
14|170|0|0|0
14|171|0|0|0
14|172|0|0|0
14|173|0|0|0
14|174|0|0|0
14|175|0|0|0
14|176|0|0|0
14|177|0|0|0
14|178|0|0|0
14|179|0|0|0
14|180|0|0|0
14|181|0|0|0
14|182|0|0|0
14|183|0|0|0
14|184|0|0|0
14|185|0|0|0
14|186|0|0|0
14|187|0|0|0
14|188|0|0|0
14|189|0|0|0
14|190|0|0|0
14|191|0|0|0
14|192|0|0|0
14|193|0|0|0
14|194|0|0|0
14|195|0|0|0
14|196|0|0|0
14|197|0|0|0
14|198|0|0|0
14|199|0|0|0
14|200|0|0|0
14|201|0|0|0
14|202|0|0|0
14|203|0|0|0
14|204|0|0|0
14|205|0|0|0
14|206|0|0|0
14|207|0|0|0
14|208|0|0|0
14|209|0|0|0
14|210|0|0|0
14|211|0|0|0
14|212|0|0|0
14|213|0|0|0
14|214|0|0|0
14|215|0|0|0
14|216|0|0|0
14|217|0|0|0
14|218|0|0|0
14|219|0|0|0
14|220|0|0|0
14|221|0|0|0
14|222|0|0|0
14|223|0|0|0
14|224|0|0|0
15|0|0|0|0
15|1|0|0|0
15|2|0|0|0
15|3|0|0|0
15|4|0|0|0
15|5|0|0|0
15|6|0|0|0
15|7|0|0|0
15|8|0|0|0
15|9|0|0|0
15|10|0|0|0
15|11|0|0|0
15|12|0|0|0
15|13|0|0|0
15|14|0|0|0
15|15|0|0|0
15|16|0|0|0
15|17|0|0|0
15|18|0|0|0
15|19|0|0|0
15|20|0|0|0
15|21|0|0|0
15|22|0|0|0
15|23|0|0|0
15|24|0|0|0
15|25|0|0|0
15|26|0|0|0
15|27|0|0|0
15|28|0|0|0
15|29|0|0|0
15|30|0|0|0
15|31|0|0|0
15|32|0|0|0
15|33|0|0|0
15|34|0|0|0
15|35|0|0|0
15|36|0|0|0
15|37|0|0|0
15|38|0|0|0
15|39|0|0|0
15|40|0|0|0
15|41|0|0|0
15|42|0|0|0
15|43|0|0|0
15|44|0|0|0
15|45|0|0|0
15|46|0|0|0
15|47|0|0|0
15|48|0|0|0
15|49|0|0|0
15|50|0|0|0
15|51|0|0|0
15|52|0|0|0
15|53|0|0|0
15|54|0|0|0
15|55|0|0|0
15|56|0|0|0
15|57|0|0|0
15|58|0|0|0
15|59|0|0|0
15|60|0|0|0
15|61|0|0|0
15|62|0|0|0
15|63|0|0|0
15|64|0|0|0
15|65|0|0|0
15|66|0|0|0
15|67|0|0|0
15|68|0|0|0
15|69|0|0|0
15|70|0|0|0
15|71|0|0|0
15|72|0|0|0
15|73|0|0|0
15|74|0|0|0
15|75|0|0|0
15|76|0|0|0
15|77|0|0|0
15|78|0|0|0
15|79|0|0|0
15|80|0|0|0
15|81|0|0|0
15|82|0|0|0
15|83|0|0|0
15|84|0|0|0
15|85|0|0|0
15|86|0|0|0
15|87|0|0|0
15|88|0|0|0
15|89|0|0|0
15|90|0|0|0
15|91|0|0|0
15|92|0|0|0
15|93|0|0|0
15|94|0|0|0
15|95|0|0|0
15|96|0|0|0
15|97|0|0|0
15|98|0|0|0
15|99|0|0|0
15|100|0|0|0
15|101|0|0|0
15|102|0|0|0
15|103|0|0|0
15|104|0|0|0
15|105|0|0|0
15|106|0|0|0
15|107|0|0|0
15|108|0|0|0
15|109|0|0|0
15|110|0|0|0
15|111|0|0|0
15|112|0|0|0
15|113|0|0|0
15|114|0|0|0
15|115|0|0|0
15|116|0|0|0
15|117|0|0|0
15|118|0|0|0
15|119|0|0|0
15|120|0|0|0
15|121|0|0|0
15|122|0|0|0
15|123|0|0|0
15|124|0|0|0
15|125|0|0|0
15|126|0|0|0
15|127|0|0|0
15|128|0|0|0
15|129|0|0|0
15|130|0|0|0
15|131|0|0|0
15|132|0|0|0
15|133|0|0|0
15|134|0|0|0
15|135|0|0|0
15|136|0|0|0
15|137|0|0|0
15|138|0|0|0
15|139|0|0|0
15|140|0|0|0
15|141|0|0|0
15|142|0|0|0
15|143|0|0|0
15|144|0|0|0
15|145|0|0|0
15|146|0|0|0
15|147|0|0|0
15|148|0|0|0
15|149|0|0|0
15|150|0|0|0
15|151|0|0|0
15|152|0|0|0
15|153|0|0|0
15|154|0|0|0
15|155|0|0|0
15|156|0|0|0
15|157|0|0|0
15|158|0|0|0
15|159|0|0|0
15|160|0|0|0
15|161|0|0|0
15|162|0|0|0
15|163|0|0|0
15|164|0|0|0
15|165|0|0|0
15|166|0|0|0
15|167|0|0|0
15|168|0|0|0
15|169|0|0|0
15|170|0|0|0
15|171|0|0|0
15|172|0|0|0
15|173|0|0|0
15|174|0|0|0
15|175|0|0|0
15|176|0|0|0
15|177|0|0|0
15|178|0|0|0
15|179|0|0|0
15|180|0|0|0
15|181|0|0|0
15|182|0|0|0
15|183|0|0|0
15|184|0|0|0
15|185|0|0|0
15|186|0|0|0
15|187|0|0|0
15|188|0|0|0
15|189|0|0|0
15|190|0|0|0
15|191|0|0|0
15|192|0|0|0
15|193|0|0|0
15|194|0|0|0
15|195|0|0|0
15|196|0|0|0
15|197|0|0|0
15|198|0|0|0
15|199|0|0|0
15|200|0|0|0
15|201|0|0|0
15|202|0|0|0
15|203|0|0|0
15|204|0|0|0
15|205|0|0|0
15|206|0|0|0
15|207|0|0|0
15|208|0|0|0
15|209|0|0|0
15|210|0|0|0
15|211|0|0|0
15|212|0|0|0
15|213|0|0|0
15|214|0|0|0
15|215|0|0|0
15|216|0|0|0
15|217|0|0|0
15|218|0|0|0
15|219|0|0|0
15|220|0|0|0
15|221|0|0|0
15|222|0|0|0
15|223|0|0|0
15|224|0|0|0
